Variables="wavelength (nm)", "inc_xs","sct_xs","exc_xs","abs_xs"
Zone T="Au radius 5.00000000000  nm"
300.000000000, 0.150255747694E-14, 0.400591991682E-02, 0.150837411435E-01, 0.110778212267E-01
310.000000000, 0.166950830771E-14, 0.209209549022E-02, 0.103448665156E-01, 0.825277102539E-02
320.000000000, 0.141908206155E-14, 0.278687499846E-02, 0.886617597069E-02, 0.607930097223E-02
330.000000000, 0.128343451155E-14, 0.502176198950E-02, 0.102000749123E-01, 0.517831292275E-02
340.000000000, 0.150255747694E-14, 0.751215794835E-02, 0.125454445331E-01, 0.503328658478E-02
350.000000000, -0.918229569239E-15, 0.100244812330E-01, 0.153031589977E-01, 0.527867776468E-02
360.000000000, -0.897360715393E-15, 0.126521295029E-01, 0.187841156861E-01, 0.613198618313E-02
370.000000000, -0.751278738468E-15, 0.155573572994E-01, 0.234295004270E-01, 0.787214312764E-02
380.000000000, -0.500852492312E-15, 0.190101239697E-01, 0.300240599901E-01, 0.110139360204E-01
390.000000000, -0.751278738468E-15, 0.235203021235E-01, 0.380792774542E-01, 0.145589753307E-01
400.000000000, -0.772147592314E-15, 0.283788919359E-01, 0.461014909623E-01, 0.177225990264E-01
410.000000000, -0.855623007700E-15, 0.300849064990E-01, 0.478501710140E-01, 0.177652645150E-01
420.000000000, -0.970401703855E-15, 0.308277629138E-01, 0.426509220005E-01, 0.118231590867E-01
430.000000000, -0.699106603852E-15, 0.328387010870E-01, 0.407966221934E-01, 0.795792110639E-02
440.000000000, -0.876491861546E-15, 0.356956948361E-01, 0.425812292011E-01, 0.688553436508E-02
450.000000000, -0.793016446161E-15, 0.389398833007E-01, 0.458890929921E-01, 0.694920969143E-02
460.000000000, -0.803450873084E-15, 0.422711394146E-01, 0.495078243628E-01, 0.723668494829E-02
470.000000000, -0.112691810770E-14, 0.454265672018E-01, 0.528511847086E-01, 0.742461750676E-02
480.000000000, -0.605196761544E-15, 0.481338960468E-01, 0.556023885383E-01, 0.746849249157E-02
490.000000000, -0.751278738468E-15, 0.501194060151E-01, 0.575352234022E-01, 0.741581738714E-02
500.000000000, -0.719975457699E-15, 0.511487270140E-01, 0.584606146017E-01, 0.731188758769E-02
510.000000000, 0.271295100002E-15, 0.510797196579E-01, 0.582629961164E-01, 0.718327645848E-02
520.000000000, -0.104344269232E-16, 0.499020982875E-01, 0.568885636630E-01, 0.698646537553E-02
530.000000000, -0.417377076927E-16, 0.477414453178E-01, 0.544623016001E-01, 0.672085628231E-02
540.000000000, 0.323467234618E-15, 0.448250164654E-01, 0.512039656918E-01, 0.637894922641E-02
550.000000000, 0.104344269232E-15, 0.414247507118E-01, 0.473907685818E-01, 0.596601787005E-02
560.000000000, 0.354770515388E-15, 0.378020459417E-01, 0.432996581619E-01, 0.549761222018E-02
570.000000000, 0.292163953849E-15, 0.341712127478E-01, 0.391668172639E-01, 0.499560451606E-02
580.000000000, 0.438245930773E-15, 0.306853923051E-01, 0.351698659646E-01, 0.448447365950E-02
590.000000000, 0.646934469236E-15, 0.274393519810E-01, 0.314272857681E-01, 0.398793378710E-02
600.000000000, 0.208688538463E-15, 0.244809076803E-01, 0.280069272330E-01, 0.352601955269E-02
610.000000000, 0.146081976924E-15, 0.218244432371E-01, 0.249374701030E-01, 0.311302686588E-02
620.000000000, 0.500852492312E-15, 0.194629114879E-01, 0.222195360915E-01, 0.275662460359E-02
630.000000000, 0.166950830771E-15, 0.173770054286E-01, 0.198351442783E-01, 0.245813884976E-02
640.000000000, 0.177385257694E-15, 0.155415040981E-01, 0.177552178539E-01, 0.221371375581E-02
650.000000000, 0.229557392310E-15, 0.139293262242E-01, 0.159452635605E-01, 0.201593733633E-02
660.000000000, -0.167994273463E-14, 0.125138942800E-01, 0.143682137502E-01, 0.185431947021E-02
670.000000000, -0.146081976924E-14, 0.112705526978E-01, 0.129924825977E-01, 0.172192989996E-02
680.000000000, -0.165907388078E-14, 0.101769448321E-01, 0.117853983160E-01, 0.160845348391E-02
690.000000000, -0.149212305001E-14, 0.921331651231E-02, 0.107198898739E-01, 0.150657336157E-02
700.000000000, -0.137734435386E-14, 0.836240797242E-02, 0.977323604972E-02, 0.141082807730E-02
710.000000000, -0.139821320770E-14, 0.760926220193E-02, 0.892691150707E-02, 0.131764930515E-02
720.000000000, -0.156516403848E-14, 0.694098365861E-02, 0.816616374253E-02, 0.122518008392E-02
730.000000000, -0.179472143079E-14, 0.634648602100E-02, 0.747944689073E-02, 0.113296086973E-02
740.000000000, -0.104344269232E-14, 0.581625104883E-02, 0.685780891869E-02, 0.104155786986E-02
750.000000000, -0.138777878078E-14, 0.534210831747E-02, 0.629429838484E-02, 0.952190067367E-03
760.000000000, -0.156516403848E-14, 0.491704018461E-02, 0.578343426806E-02, 0.866394083457E-03
770.000000000, -0.154429518463E-14, 0.453501176084E-02, 0.532076089970E-02, 0.785749138859E-03
780.000000000, -0.143995091540E-14, 0.419082495209E-02, 0.490249584837E-02, 0.711670896285E-03
790.000000000, -0.980836130778E-15, 0.387999372034E-02, 0.452526803703E-02, 0.645274316685E-03
800.000000000, -0.154429518463E-14, 0.359863831049E-02, 0.418593634501E-02, 0.587298034521E-03
810.000000000, -0.187819684617E-14, 0.334339561466E-02, 0.388147626736E-02, 0.538080652701E-03
820.000000000, -0.166950830771E-14, 0.311134347809E-02, 0.360891977815E-02, 0.497576300063E-03
830.000000000, -0.183645913848E-14, 0.289993667636E-02, 0.336533502728E-02, 0.465398350918E-03
840.000000000, -0.158603289232E-14, 0.270695292656E-02, 0.314783314679E-02, 0.440880220233E-03
850.000000000, -0.152342633078E-14, 0.253044711147E-02, 0.295359182579E-02, 0.423144714323E-03
860.000000000, -0.166950830771E-14, 0.236871258143E-02, 0.277988723881E-02, 0.411174657377E-03
870.000000000, -0.150255747694E-14, 0.222024833414E-02, 0.262412774018E-02, 0.403879406047E-03
880.000000000, -0.143995091540E-14, 0.208373109430E-02, 0.248388534257E-02, 0.400154248269E-03
890.000000000, -0.158603289232E-14, 0.195799157493E-02, 0.235692162598E-02, 0.398930051050E-03
900.000000000, -0.154429518463E-14, 0.184199421343E-02, 0.224120679589E-02, 0.399212582454E-03
Zone T="Au radius 10.0000000000  nm"
300.000000000, 0.146081976924E-14, 0.405114838363E-02, 0.151424043464E-01, 0.110912559628E-01
310.000000000, 0.135647550001E-14, 0.212863903488E-02, 0.104346251616E-01, 0.830598612674E-02
320.000000000, 0.159125010578E-14, 0.279167295695E-02, 0.892061067305E-02, 0.612893771610E-02
330.000000000, 0.119995909616E-14, 0.503578791283E-02, 0.103003322166E-01, 0.526454430380E-02
340.000000000, 0.133560664617E-14, 0.753398498393E-02, 0.127036773854E-01, 0.516969240146E-02
350.000000000, -0.834754153854E-15, 0.100226486849E-01, 0.154804057724E-01, 0.545775708742E-02
360.000000000, -0.876491861546E-15, 0.126157543088E-01, 0.189586825896E-01, 0.634292828075E-02
370.000000000, -0.876491861546E-15, 0.154738582875E-01, 0.235829865124E-01, 0.810912822495E-02
380.000000000, -0.918229569239E-15, 0.188403244315E-01, 0.300842354512E-01, 0.112439110197E-01
390.000000000, -0.699106603852E-15, 0.231869061187E-01, 0.377969220674E-01, 0.146100159487E-01
400.000000000, -0.667803323083E-15, 0.276368666350E-01, 0.451254107829E-01, 0.174885441480E-01
410.000000000, -0.626065615390E-15, 0.294044513989E-01, 0.469987321889E-01, 0.175942807900E-01
420.000000000, -0.959967276932E-15, 0.303900049030E-01, 0.426691737009E-01, 0.122791687979E-01
430.000000000, 0.626065615390E-16, 0.324215930431E-01, 0.409481412017E-01, 0.852654815865E-02
440.000000000, -0.108518040001E-14, 0.352123959477E-01, 0.425857610584E-01, 0.737336511074E-02
450.000000000, -0.584327907697E-15, 0.383801521958E-01, 0.457516814437E-01, 0.737152924789E-02
460.000000000, -0.406942650004E-15, 0.416589171353E-01, 0.492844095883E-01, 0.762549245306E-02
470.000000000, -0.730409884622E-15, 0.448049370854E-01, 0.525965768966E-01, 0.779163981125E-02
480.000000000, -0.626065615390E-15, 0.475533050906E-01, 0.553602237281E-01, 0.780691863745E-02
490.000000000, -0.834754153854E-15, 0.496250781555E-01, 0.573383931076E-01, 0.771331495210E-02
500.000000000, -0.918229569239E-15, 0.507700202993E-01, 0.583333068933E-01, 0.756328659400E-02
510.000000000, 0.438245930773E-15, 0.508249694420E-01, 0.582181221482E-01, 0.739315270617E-02
520.000000000, 0.313032807695E-16, 0.497603069506E-01, 0.569235071760E-01, 0.716320022539E-02
530.000000000, 0.323467234618E-15, 0.476891159676E-01, 0.545598124146E-01, 0.687069644706E-02
540.000000000, 0.417377076927E-15, 0.448345121040E-01, 0.513394361547E-01, 0.650492405072E-02
550.000000000, -0.125213123078E-15, 0.414708866611E-01, 0.475406471413E-01, 0.606976048022E-02
560.000000000, -0.104344269232E-15, 0.378654837293E-01, 0.434465182934E-01, 0.558103456411E-02
570.000000000, 0.626065615390E-16, 0.342390414421E-01, 0.393003671071E-01, 0.506132566491E-02
580.000000000, 0.417377076927E-15, 0.307500937494E-01, 0.352855703141E-01, 0.453547656470E-02
590.000000000, -0.208688538463E-16, 0.274972487468E-01, 0.315243691583E-01, 0.402712041148E-02
600.000000000, 0.448680357696E-15, 0.245307372205E-01, 0.280866883656E-01, 0.355595114517E-02
610.000000000, 0.140864763463E-15, 0.218662946478E-01, 0.250021388649E-01, 0.313584421710E-02
620.000000000, 0.187819684617E-15, 0.194975293916E-01, 0.222715915218E-01, 0.277406213022E-02
630.000000000, -0.125213123078E-15, 0.174053776337E-01, 0.198769471145E-01, 0.247156948071E-02
640.000000000, 0.834754153854E-16, 0.155646396881E-01, 0.177888380443E-01, 0.222419835618E-02
650.000000000, 0.156516403848E-15, 0.139481498334E-01, 0.159724226346E-01, 0.202427280114E-02
660.000000000, -0.217036080002E-14, 0.125292059101E-01, 0.143902910796E-01, 0.186108516954E-02
670.000000000, -0.179472143079E-14, 0.112830219024E-01, 0.130105559852E-01, 0.172753408281E-02
680.000000000, -0.158603289232E-14, 0.101871206381E-01, 0.118002948137E-01, 0.161317417556E-02
690.000000000, -0.152342633078E-14, 0.922164363315E-02, 0.107322393626E-01, 0.151059572943E-02
700.000000000, -0.150255747694E-14, 0.836924402849E-02, 0.978351889422E-02, 0.141427486573E-02
710.000000000, -0.129386893847E-14, 0.761489367306E-02, 0.893549788554E-02, 0.132060421248E-02
720.000000000, -0.158081567886E-14, 0.694563968625E-02, 0.817334412193E-02, 0.122770443569E-02
730.000000000, -0.143995091540E-14, 0.635034990030E-02, 0.748545444215E-02, 0.113510454185E-02
740.000000000, -0.162777060001E-14, 0.581946958021E-02, 0.686283527086E-02, 0.104336569065E-02
750.000000000, -0.141125624136E-14, 0.534479930884E-02, 0.629850427205E-02, 0.953704963211E-03
760.000000000, -0.131473779232E-14, 0.491929841904E-02, 0.578695650368E-02, 0.867658084639E-03
770.000000000, -0.152342633078E-14, 0.453691372066E-02, 0.532371687080E-02, 0.786803150142E-03
780.000000000, -0.170081158848E-14, 0.419243254881E-02, 0.490498644094E-02, 0.712553892129E-03
790.000000000, -0.139821320770E-14, 0.388135723805E-02, 0.452737964300E-02, 0.646022404949E-03
800.000000000, -0.156516403848E-14, 0.359979872969E-02, 0.418774238038E-02, 0.587943650689E-03
810.000000000, -0.158603289232E-14, 0.334438644934E-02, 0.388303845991E-02, 0.538652010566E-03
820.000000000, -0.179472143079E-14, 0.311219223121E-02, 0.361028936886E-02, 0.498097137652E-03
830.000000000, -0.196167226156E-14, 0.290066599570E-02, 0.336655394227E-02, 0.465887946568E-03
840.000000000, -0.108518040001E-14, 0.270758152516E-02, 0.314893515442E-02, 0.441353629262E-03
850.000000000, -0.141908206155E-14, 0.253099050292E-02, 0.295460366552E-02, 0.423613162594E-03
860.000000000, -0.130430336540E-14, 0.236918366897E-02, 0.278082969967E-02, 0.411646030698E-03
870.000000000, -0.179472143079E-14, 0.222065788415E-02, 0.262501666553E-02, 0.404358781374E-03
880.000000000, -0.151820911732E-14, 0.208408811824E-02, 0.248473254374E-02, 0.400644425499E-03
890.000000000, -0.187819684617E-14, 0.195830363830E-02, 0.235773569195E-02, 0.399432053651E-03
900.000000000, -0.166950830771E-14, 0.184226768658E-02, 0.224199379511E-02, 0.399726108524E-03
Zone T="Au radius 15.0000000000  nm"
300.000000000, 0.154429518463E-14, 0.417202226346E-02, 0.153050503794E-01, 0.111330281159E-01
310.000000000, 0.114778696155E-14, 0.223615525239E-02, 0.106788783315E-01, 0.844272307913E-02
320.000000000, 0.140864763463E-14, 0.280950875238E-02, 0.908336506150E-02, 0.627385630912E-02
330.000000000, 0.131473779232E-14, 0.507404743125E-02, 0.105344585062E-01, 0.546041107498E-02
340.000000000, 0.141908206155E-14, 0.758660251742E-02, 0.130561731852E-01, 0.546957066781E-02
350.000000000, -0.939098423085E-15, 0.100075456011E-01, 0.158523612299E-01, 0.584481562877E-02
360.000000000, -0.782582019238E-15, 0.124986533453E-01, 0.192803146815E-01, 0.678166133622E-02
370.000000000, -0.636500042313E-15, 0.152449003706E-01, 0.238105761282E-01, 0.856567575763E-02
380.000000000, -0.688672176929E-15, 0.185001099754E-01, 0.301227001477E-01, 0.116225901723E-01
390.000000000, -0.939098423085E-15, 0.226250275349E-01, 0.373675307921E-01, 0.147425032572E-01
400.000000000, -0.980836130778E-15, 0.265371463205E-01, 0.437196615375E-01, 0.171825152170E-01
410.000000000, -0.667803323083E-15, 0.283448211813E-01, 0.455996190523E-01, 0.172547978711E-01
420.000000000, -0.918229569239E-15, 0.295807057521E-01, 0.424644302687E-01, 0.128837245166E-01
430.000000000, -0.824319726930E-15, 0.315463661251E-01, 0.410397964451E-01, 0.949343032000E-02
440.000000000, -0.918229569239E-15, 0.341165548428E-01, 0.424515933889E-01, 0.833503854610E-02
450.000000000, -0.751278738468E-15, 0.370380984548E-01, 0.453261122665E-01, 0.828801381168E-02
460.000000000, -0.918229569239E-15, 0.401236435270E-01, 0.486372467040E-01, 0.851360317709E-02
470.000000000, -0.542590200005E-15, 0.431863322551E-01, 0.518396301683E-01, 0.865329791323E-02
480.000000000, -0.787799232699E-15, 0.459922560212E-01, 0.546145865655E-01, 0.862233054426E-02
490.000000000, -0.813885300007E-15, 0.482580058443E-01, 0.567122591751E-01, 0.845425333083E-02
500.000000000, -0.813885300007E-15, 0.496944198079E-01, 0.579066521316E-01, 0.821223232366E-02
510.000000000, 0.626065615390E-16, 0.500794337770E-01, 0.580298554847E-01, 0.795042170768E-02
520.000000000, 0.239991819233E-15, 0.493255641072E-01, 0.569645644277E-01, 0.763900032051E-02
530.000000000, 0.333901661541E-15, 0.475061449264E-01, 0.547805715963E-01, 0.727442666989E-02
540.000000000, 0.292163953849E-15, 0.448288624972E-01, 0.516711325610E-01, 0.684227006384E-02
550.000000000, 0.208688538463E-16, 0.415726945018E-01, 0.479179634397E-01, 0.634526893797E-02
560.000000000, 0.187819684617E-15, 0.380202526239E-01, 0.438210375287E-01, 0.580078490476E-02
570.000000000, 0.229557392310E-15, 0.344099927822E-01, 0.396433137014E-01, 0.523332091920E-02
580.000000000, 0.399116829811E-15, 0.309155615738E-01, 0.355840787004E-01, 0.466851712661E-02
590.000000000, 0.354770515388E-15, 0.276464069191E-01, 0.317759376709E-01, 0.412953075180E-02
600.000000000, 0.375639369234E-15, 0.246596037862E-01, 0.282944329195E-01, 0.363482913332E-02
610.000000000, 0.448680357696E-15, 0.219747384542E-01, 0.251715919649E-01, 0.319685351069E-02
620.000000000, 0.166950830771E-15, 0.195873090529E-01, 0.224088585405E-01, 0.282154948768E-02
630.000000000, 0.125213123078E-15, 0.174789800352E-01, 0.199877854314E-01, 0.250880539624E-02
640.000000000, 0.365204942311E-16, 0.156246539582E-01, 0.178782791398E-01, 0.225362518166E-02
650.000000000, 0.237383212502E-15, 0.139969670782E-01, 0.160446810265E-01, 0.204771394830E-02
660.000000000, -0.194080340771E-14, 0.125689022782E-01, 0.144488080015E-01, 0.187990572329E-02
670.000000000, -0.158603289232E-14, 0.113153376902E-01, 0.130581013204E-01, 0.174276363021E-02
680.000000000, -0.211818866540E-14, 0.102134836134E-01, 0.118390755274E-01, 0.162559191395E-02
690.000000000, -0.164863945386E-14, 0.924321025661E-02, 0.107640061396E-01, 0.152079588296E-02
700.000000000, -0.162777060001E-14, 0.838694397447E-02, 0.980965806237E-02, 0.142271408790E-02
710.000000000, -0.118952466924E-14, 0.762947131902E-02, 0.895710782803E-02, 0.132763650901E-02
720.000000000, -0.150255747694E-14, 0.695769009462E-02, 0.819129697834E-02, 0.123360688372E-02
730.000000000, -0.156516403848E-14, 0.636034880066E-02, 0.750044499364E-02, 0.114009619298E-02
740.000000000, -0.146081976924E-14, 0.582779776678E-02, 0.687541918035E-02, 0.104762141356E-02
750.000000000, -0.150255747694E-14, 0.535176220529E-02, 0.630912777641E-02, 0.957365571114E-03
760.000000000, -0.121039352309E-14, 0.492514163195E-02, 0.579597937892E-02, 0.870837746974E-03
770.000000000, -0.162777060001E-14, 0.454183534320E-02, 0.533143020207E-02, 0.789594858875E-03
780.000000000, -0.175298372309E-14, 0.419659286799E-02, 0.491162641174E-02, 0.715033543751E-03
790.000000000, -0.131473779232E-14, 0.388488638935E-02, 0.453313830174E-02, 0.648251912388E-03
800.000000000, -0.160690174617E-14, 0.360280273617E-02, 0.419277611120E-02, 0.589973375026E-03
810.000000000, -0.166950830771E-14, 0.334695199235E-02, 0.388747470123E-02, 0.540522708873E-03
820.000000000, -0.150777469040E-14, 0.311439042786E-02, 0.361423199764E-02, 0.499841569778E-03
830.000000000, -0.175298372309E-14, 0.290255539678E-02, 0.337008761760E-02, 0.467532220818E-03
840.000000000, -0.154429518463E-14, 0.270921050120E-02, 0.315212884992E-02, 0.442918348722E-03
850.000000000, -0.161994477982E-14, 0.253239914918E-02, 0.295751355551E-02, 0.425114406330E-03
860.000000000, -0.166950830771E-14, 0.237040533110E-02, 0.278350152596E-02, 0.413096194858E-03
870.000000000, -0.130430336540E-14, 0.222172038394E-02, 0.262748768001E-02, 0.405767296069E-03
880.000000000, -0.166950830771E-14, 0.208501474170E-02, 0.248703310484E-02, 0.402018363139E-03
890.000000000, -0.162777060001E-14, 0.195911393509E-02, 0.235989057263E-02, 0.400776637540E-03
900.000000000, -0.141908206155E-14, 0.184297811844E-02, 0.224402325382E-02, 0.401045135373E-03
Zone T="Au radius 20.0000000000  nm"
300.000000000, 0.137734435386E-14, 0.440057044558E-02, 0.156176761496E-01, 0.112171057040E-01
310.000000000, 0.129386893847E-14, 0.246361246746E-02, 0.111627486972E-01, 0.869913622972E-02
320.000000000, 0.157559846540E-14, 0.286124559893E-02, 0.942516364228E-02, 0.656391804335E-02
330.000000000, 0.138777878078E-14, 0.515435076666E-02, 0.109664011782E-01, 0.581205041156E-02
340.000000000, 0.133560664617E-14, 0.768900558819E-02, 0.136620266500E-01, 0.597302106183E-02
350.000000000, -0.918229569239E-15, 0.999631770383E-02, 0.164630049634E-01, 0.646668725952E-02
360.000000000, -0.108518040001E-14, 0.123121036585E-01, 0.197925951960E-01, 0.748049153752E-02
370.000000000, -0.793016446161E-15, 0.148708373429E-01, 0.241279405166E-01, 0.925710317372E-02
380.000000000, -0.772147592314E-15, 0.179754217995E-01, 0.301577645905E-01, 0.121823427909E-01
390.000000000, -0.101213941155E-14, 0.218272449424E-01, 0.368604548504E-01, 0.150332099081E-01
400.000000000, -0.568676267313E-15, 0.252604862264E-01, 0.422260735301E-01, 0.169655873037E-01
410.000000000, -0.996487771163E-15, 0.270932277654E-01, 0.440283433464E-01, 0.169351155810E-01
420.000000000, -0.834754153854E-15, 0.284439444683E-01, 0.419548711706E-01, 0.135109267023E-01
430.000000000, -0.605196761544E-15, 0.301900040756E-01, 0.408625781422E-01, 0.106725740666E-01
440.000000000, -0.102257383847E-14, 0.323399460861E-01, 0.419922216596E-01, 0.965227557350E-02
450.000000000, -0.599979548082E-15, 0.347850698018E-01, 0.444277527129E-01, 0.964268291108E-02
460.000000000, -0.500852492312E-15, 0.374535232802E-01, 0.473464321419E-01, 0.989290886163E-02
470.000000000, -0.579110694236E-15, 0.402640626508E-01, 0.503081004810E-01, 0.100440378302E-01
480.000000000, -0.542590200005E-15, 0.430627176814E-01, 0.530533963378E-01, 0.999067865647E-02
490.000000000, -0.667803323083E-15, 0.455906983692E-01, 0.553416304874E-01, 0.975093211818E-02
500.000000000, -0.746061525007E-15, 0.475125388039E-01, 0.569071027575E-01, 0.939456395353E-02
510.000000000, 0.323467234618E-15, 0.485036471283E-01, 0.575022410135E-01, 0.899859388521E-02
520.000000000, 0.187819684617E-15, 0.483572062023E-01, 0.569096036687E-01, 0.855239746643E-02
530.000000000, 0.125213123078E-15, 0.470523447478E-01, 0.551102513136E-01, 0.805790656585E-02
540.000000000, 0.286946740387E-15, 0.447503950512E-01, 0.522508065176E-01, 0.750041146634E-02
550.000000000, 0.208688538463E-16, 0.417293314701E-01, 0.486136828270E-01, 0.688435135683E-02
560.000000000, 0.292163953849E-15, 0.382983114314E-01, 0.445299467820E-01, 0.623163535053E-02
570.000000000, 0.208688538463E-15, 0.347308649240E-01, 0.403019108438E-01, 0.557104591978E-02
580.000000000, 0.208688538463E-15, 0.312320337958E-01, 0.361620506658E-01, 0.493001687005E-02
590.000000000, 0.286946740387E-15, 0.279342929296E-01, 0.322652332377E-01, 0.433094030810E-02
600.000000000, 0.333901661541E-15, 0.249094299285E-01, 0.286994239330E-01, 0.378999400449E-02
610.000000000, 0.271295100002E-15, 0.221853820457E-01, 0.255022442259E-01, 0.331686218013E-02
620.000000000, 0.239991819233E-15, 0.197617981114E-01, 0.226767180140E-01, 0.291491990261E-02
630.000000000, 0.156516403848E-15, 0.176219988100E-01, 0.202039387009E-01, 0.258193989086E-02
640.000000000, 0.208688538463E-15, 0.157411959072E-01, 0.180524952974E-01, 0.231129939024E-02
650.000000000, -0.104344269232E-15, 0.140916852573E-01, 0.161851816618E-01, 0.209349640454E-02
660.000000000, -0.152342633078E-14, 0.126458512054E-01, 0.145623314818E-01, 0.191648027635E-02
670.000000000, -0.130430336540E-14, 0.113779197325E-01, 0.131500918620E-01, 0.177217212950E-02
680.000000000, -0.154951239809E-14, 0.102644898119E-01, 0.119138879425E-01, 0.164939813053E-02
690.000000000, -0.158603289232E-14, 0.928489962677E-02, 0.108251073433E-01, 0.154020771649E-02
700.000000000, -0.171124601540E-14, 0.842113062309E-02, 0.985980055410E-02, 0.143866993101E-02
710.000000000, -0.133560664617E-14, 0.765760604634E-02, 0.899847426308E-02, 0.134086821674E-02
720.000000000, -0.175298372309E-14, 0.698093125217E-02, 0.822561784292E-02, 0.124468659075E-02
730.000000000, -0.154429518463E-14, 0.637962131402E-02, 0.752909310036E-02, 0.114947178634E-02
740.000000000, -0.128343451155E-14, 0.584384111344E-02, 0.689948491044E-02, 0.105564379700E-02
750.000000000, -0.156516403848E-14, 0.536516883545E-02, 0.632947868848E-02, 0.964309853030E-03
760.000000000, -0.138256156732E-14, 0.493638746576E-02, 0.581330725040E-02, 0.876919784643E-03
770.000000000, -0.194080340771E-14, 0.455130385839E-02, 0.534628807596E-02, 0.794984217561E-03
780.000000000, -0.150255747694E-14, 0.420459407563E-02, 0.492445771562E-02, 0.719863639991E-03
790.000000000, -0.139821320770E-14, 0.389167177531E-02, 0.454429972190E-02, 0.652627946593E-03
800.000000000, -0.166950830771E-14, 0.360857703280E-02, 0.420255555434E-02, 0.593978521541E-03
810.000000000, -0.160690174617E-14, 0.335188246581E-02, 0.389610539513E-02, 0.544222929317E-03
820.000000000, -0.152342633078E-14, 0.311861422277E-02, 0.362190358500E-02, 0.503289362224E-03
830.000000000, -0.194080340771E-14, 0.290618535866E-02, 0.337695488479E-02, 0.470769526138E-03
840.000000000, -0.143995091540E-14, 0.271233980552E-02, 0.315831861548E-02, 0.445978809962E-03
850.000000000, -0.162777060001E-14, 0.253510499373E-02, 0.296313011743E-02, 0.428025123705E-03
860.000000000, -0.203471325002E-14, 0.237275189016E-02, 0.278863098242E-02, 0.415879092260E-03
870.000000000, -0.156516403848E-14, 0.222376117989E-02, 0.263220136541E-02, 0.408440185518E-03
880.000000000, -0.154429518463E-14, 0.208679455529E-02, 0.249139033523E-02, 0.404595779934E-03
890.000000000, -0.164863945386E-14, 0.196067034975E-02, 0.236394084372E-02, 0.403270493974E-03
900.000000000, -0.150255747694E-14, 0.184434277212E-02, 0.224780800981E-02, 0.403465237687E-03
Zone T="Au radius 25.0000000000  nm"
300.000000000, 0.127300008463E-14, 0.476583324288E-02, 0.161222845281E-01, 0.113564512852E-01
310.000000000, 0.129386893847E-14, 0.286494623136E-02, 0.119657065324E-01, 0.910076030104E-02
320.000000000, 0.157559846540E-14, 0.298445604149E-02, 0.100381818711E-01, 0.705372582958E-02
330.000000000, 0.117387302886E-14, 0.530343264637E-02, 0.116775483615E-01, 0.637411571515E-02
340.000000000, 0.143995091540E-14, 0.787297829843E-02, 0.145915283115E-01, 0.671855001312E-02
350.000000000, -0.928663996162E-15, 0.100335225173E-01, 0.173986667772E-01, 0.736514425992E-02
360.000000000, -0.798233659622E-15, 0.121138443787E-01, 0.205900487956E-01, 0.847620441689E-02
370.000000000, -0.683454963468E-15, 0.144094233610E-01, 0.246496777582E-01, 0.102402543973E-01
380.000000000, -0.886926288469E-15, 0.172746919147E-01, 0.303353518108E-01, 0.130606598961E-01
390.000000000, -0.584327907697E-15, 0.207412277903E-01, 0.363519757699E-01, 0.156107479797E-01
400.000000000, -0.459114784619E-15, 0.237202677345E-01, 0.407184908010E-01, 0.169982230665E-01
410.000000000, -0.751278738468E-15, 0.254896567431E-01, 0.423407684349E-01, 0.168511116918E-01
420.000000000, -0.105387711924E-14, 0.267776442228E-01, 0.410486384186E-01, 0.142709941958E-01
430.000000000, -0.563459053851E-15, 0.281645830233E-01, 0.402071004289E-01, 0.120425174056E-01
440.000000000, -0.719975457699E-15, 0.297513433294E-01, 0.409942994396E-01, 0.112429561103E-01
450.000000000, -0.521721346158E-15, 0.315539328057E-01, 0.428789174697E-01, 0.113249846639E-01
460.000000000, -0.626065615390E-15, 0.336155431331E-01, 0.452586092627E-01, 0.116430661296E-01
470.000000000, -0.855623007700E-15, 0.359789647140E-01, 0.478306945300E-01, 0.118517298160E-01
480.000000000, -0.459114784619E-15, 0.386157072921E-01, 0.504462348030E-01, 0.118305275108E-01
490.000000000, -0.542590200005E-15, 0.413551173348E-01, 0.529299508842E-01, 0.115748335494E-01
500.000000000, -0.834754153854E-15, 0.438643125103E-01, 0.550076832027E-01, 0.111433706924E-01
510.000000000, 0.417377076927E-16, 0.457160115481E-01, 0.563388829743E-01, 0.106228714262E-01
520.000000000, 0.834754153854E-16, 0.465280756389E-01, 0.565495427477E-01, 0.100214671088E-01
530.000000000, 0.323467234618E-15, 0.461018426642E-01, 0.554543390987E-01, 0.935249643457E-02
540.000000000, 0.166950830771E-15, 0.444817310797E-01, 0.530904420424E-01, 0.860871096267E-02
550.000000000, -0.146081976924E-15, 0.419110472904E-01, 0.497154820965E-01, 0.780443480615E-02
560.000000000, 0.375639369234E-15, 0.387268608734E-01, 0.457009747957E-01, 0.697411392230E-02
570.000000000, 0.542590200005E-15, 0.352583106955E-01, 0.414152842121E-01, 0.615697351663E-02
580.000000000, 0.417377076927E-15, 0.317663295246E-01, 0.371519009761E-01, 0.538557145158E-02
590.000000000, 0.250426246156E-15, 0.284266097971E-01, 0.331089528888E-01, 0.468234309169E-02
600.000000000, 0.114778696155E-15, 0.253393362612E-01, 0.293997602394E-01, 0.406042397825E-02
610.000000000, 0.375639369234E-15, 0.225488551155E-01, 0.260741692928E-01, 0.352531417724E-02
620.000000000, 0.365204942311E-15, 0.200631214078E-01, 0.231393924553E-01, 0.307627104747E-02
630.000000000, -0.187819684617E-15, 0.178688999942E-01, 0.205764493672E-01, 0.270754937292E-02
640.000000000, -0.375639369234E-15, 0.159422062051E-01, 0.183519386956E-01, 0.240973249044E-02
650.000000000, 0.339118875003E-15, 0.142548561976E-01, 0.164260405055E-01, 0.217118430796E-02
660.000000000, -0.177385257694E-14, 0.127782331661E-01, 0.147564856386E-01, 0.197825247254E-02
670.000000000, -0.158603289232E-14, 0.114854376652E-01, 0.133071138149E-01, 0.182167614972E-02
680.000000000, -0.148168862309E-14, 0.103520029536E-01, 0.120413985664E-01, 0.168939561287E-02
690.000000000, -0.171124601540E-14, 0.935633666843E-02, 0.109291389929E-01, 0.157280232443E-02
700.000000000, -0.150255747694E-14, 0.847964175153E-02, 0.994511416754E-02, 0.146547241601E-02
710.000000000, -0.141908206155E-14, 0.770570631319E-02, 0.906882424192E-02, 0.136311792873E-02
720.000000000, -0.146081976924E-14, 0.702062524278E-02, 0.828396667712E-02, 0.126334143434E-02
730.000000000, -0.164863945386E-14, 0.641250692119E-02, 0.757778221019E-02, 0.116527528901E-02
740.000000000, -0.135125828655E-14, 0.587119375457E-02, 0.694036917314E-02, 0.106917541858E-02
750.000000000, -0.122082795001E-14, 0.538800875703E-02, 0.636403173114E-02, 0.976022974115E-03
760.000000000, -0.154429518463E-14, 0.495553305094E-02, 0.584270355720E-02, 0.887170506255E-03
770.000000000, -0.186776241925E-14, 0.456741363912E-02, 0.537146694254E-02, 0.804053303425E-03
780.000000000, -0.173211486925E-14, 0.421819975827E-02, 0.494617304240E-02, 0.727973284130E-03
790.000000000, -0.148168862309E-14, 0.390320419234E-02, 0.456315883030E-02, 0.659954637960E-03
800.000000000, -0.162777060001E-14, 0.361838654983E-02, 0.421904949585E-02, 0.600662946023E-03
810.000000000, -0.156516403848E-14, 0.336025505280E-02, 0.391063265950E-02, 0.550377606695E-03
820.000000000, -0.146081976924E-14, 0.312578414242E-02, 0.363478872120E-02, 0.509004578773E-03
830.000000000, -0.175298372309E-14, 0.291234520936E-02, 0.338846315315E-02, 0.476117943791E-03
840.000000000, -0.133560664617E-14, 0.271764849454E-02, 0.316866756800E-02, 0.451019073455E-03
850.000000000, -0.164863945386E-14, 0.253969408826E-02, 0.297249877983E-02, 0.432804691569E-03
860.000000000, -0.152342633078E-14, 0.237673069263E-02, 0.279716716292E-02, 0.420436470292E-03
870.000000000, -0.141908206155E-14, 0.222722079750E-02, 0.264002749049E-02, 0.412806692987E-03
880.000000000, -0.171124601540E-14, 0.208981117465E-02, 0.249860813226E-02, 0.408796957612E-03
890.000000000, -0.173211486925E-14, 0.196330788143E-02, 0.237063510588E-02, 0.407327224453E-03
900.000000000, -0.146081976924E-14, 0.184665499256E-02, 0.225404963765E-02, 0.407394645083E-03
Zone T="Au radius 30.0000000000  nm"
300.000000000, 0.646934469236E-15, 0.530059783413E-02, 0.168718060142E-01, 0.115712081801E-01
310.000000000, 0.110604925386E-14, 0.349273366798E-02, 0.131581762307E-01, 0.966544256276E-02
320.000000000, 0.137734435386E-14, 0.323944702182E-02, 0.110410673986E-01, 0.780162037680E-02
330.000000000, 0.135647550001E-14, 0.556228585475E-02, 0.127876691576E-01, 0.722538330281E-02
340.000000000, 0.127300008463E-14, 0.818187734459E-02, 0.159642610105E-01, 0.778238366589E-02
350.000000000, -0.751278738468E-15, 0.101715269839E-01, 0.188061516231E-01, 0.863462463929E-02
360.000000000, -0.918229569239E-15, 0.119719668217E-01, 0.218415445595E-01, 0.986957773780E-02
370.000000000, -0.112691810770E-14, 0.139357636710E-01, 0.256147260502E-01, 0.116789623792E-01
380.000000000, -0.751278738468E-15, 0.164145277367E-01, 0.308826680758E-01, 0.144681403392E-01
390.000000000, -0.834754153854E-15, 0.192692934783E-01, 0.357952625410E-01, 0.165259690627E-01
400.000000000, -0.699106603852E-15, 0.216033742132E-01, 0.389353944540E-01, 0.173320202407E-01
410.000000000, -0.354770515388E-15, 0.230685928468E-01, 0.401678493368E-01, 0.170992564900E-01
420.000000000, -0.959967276932E-15, 0.241031166454E-01, 0.394222776772E-01, 0.153191610318E-01
430.000000000, -0.466940604812E-15, 0.250588021272E-01, 0.387646903687E-01, 0.137058882414E-01
440.000000000, -0.897360715393E-15, 0.260730648898E-01, 0.391843693310E-01, 0.131113044412E-01
450.000000000, -0.730409884622E-15, 0.272399475607E-01, 0.404848184515E-01, 0.132448708908E-01
460.000000000, -0.667803323083E-15, 0.286750614716E-01, 0.422790942912E-01, 0.136040328196E-01
470.000000000, -0.834754153854E-15, 0.305066617451E-01, 0.443768989394E-01, 0.138702371943E-01
480.000000000, -0.688672176929E-15, 0.328241177075E-01, 0.467395712181E-01, 0.139154535105E-01
490.000000000, -0.751278738468E-15, 0.355959367417E-01, 0.493145788469E-01, 0.137186421052E-01
500.000000000, -0.834754153854E-15, 0.385935450115E-01, 0.519084162386E-01, 0.133148712271E-01
510.000000000, 0.375639369234E-15, 0.413839351812E-01, 0.541537340555E-01, 0.127697988744E-01
520.000000000, 0.135647550001E-15, 0.434344811687E-01, 0.555169202665E-01, 0.120824390978E-01
530.000000000, 0.140864763463E-15, 0.443001071954E-01, 0.555629575011E-01, 0.112628503057E-01
540.000000000, 0.793016446161E-15, 0.437913668113E-01, 0.541020876076E-01, 0.103107207963E-01
550.000000000, 0.834754153854E-16, 0.420203692118E-01, 0.512805807292E-01, 0.926021151739E-02
560.000000000, 0.166950830771E-15, 0.393122799201E-01, 0.474863502373E-01, 0.817407031720E-02
570.000000000, 0.135647550001E-15, 0.360608636818E-01, 0.431782218984E-01, 0.711735821662E-02
580.000000000, 0.365204942311E-15, 0.326142626595E-01, 0.387526967700E-01, 0.613843411053E-02
590.000000000, 0.166950830771E-15, 0.292238283896E-01, 0.344888462163E-01, 0.526501782669E-02
600.000000000, 0.500852492312E-15, 0.260424598431E-01, 0.305509523759E-01, 0.450849253273E-02
610.000000000, 0.417377076927E-15, 0.231460445634E-01, 0.270153563167E-01, 0.386931175327E-02
620.000000000, 0.250426246156E-15, 0.205589715334E-01, 0.238998475907E-01, 0.334087605723E-02
630.000000000, 0.834754153854E-16, 0.182751429557E-01, 0.211871542246E-01, 0.291201126891E-02
640.000000000, 0.474766425004E-15, 0.162725932628E-01, 0.188413436269E-01, 0.256875036407E-02
650.000000000, 0.268686493272E-15, 0.145226382722E-01, 0.168184803613E-01, 0.229584208906E-02
660.000000000, -0.177385257694E-14, 0.129951079920E-01, 0.150719527747E-01, 0.207684478272E-02
670.000000000, -0.129386893847E-14, 0.116612619461E-01, 0.135616663609E-01, 0.190040441481E-02
680.000000000, -0.167994273463E-14, 0.104948608435E-01, 0.122477465956E-01, 0.175288575201E-02
690.000000000, -0.156516403848E-14, 0.947275587096E-02, 0.110972726711E-01, 0.162451680014E-02
700.000000000, -0.171124601540E-14, 0.857484637451E-02, 0.100828617947E-01, 0.150801542020E-02
710.000000000, -0.139821320770E-14, 0.778385796099E-02, 0.918231926992E-02, 0.139846130893E-02
720.000000000, -0.158603289232E-14, 0.708503323838E-02, 0.837802366577E-02, 0.129299042738E-02
730.000000000, -0.152342633078E-14, 0.646580319903E-02, 0.765619259004E-02, 0.119038939101E-02
740.000000000, -0.139821320770E-14, 0.591547451056E-02, 0.700613070759E-02, 0.109065619703E-02
750.000000000, -0.137734435386E-14, 0.542494735414E-02, 0.641952522444E-02, 0.994577870299E-03
760.000000000, -0.154429518463E-14, 0.498646918741E-02, 0.588982845124E-02, 0.903359263832E-03
770.000000000, -0.162777060001E-14, 0.459342341787E-02, 0.541174539214E-02, 0.818321974272E-03
780.000000000, -0.146081976924E-14, 0.424015061223E-02, 0.498082995522E-02, 0.740679342995E-03
790.000000000, -0.121039352309E-14, 0.392179792800E-02, 0.459318369471E-02, 0.671385766711E-03
800.000000000, -0.158603289232E-14, 0.363419310788E-02, 0.424524439122E-02, 0.611051283330E-03
810.000000000, -0.148168862309E-14, 0.337373903261E-02, 0.393364974178E-02, 0.559910709166E-03
820.000000000, -0.154429518463E-14, 0.313732569671E-02, 0.365515971412E-02, 0.517834017411E-03
830.000000000, -0.189906570002E-14, 0.292225654864E-02, 0.340662266300E-02, 0.484366114365E-03
840.000000000, -0.196167226156E-14, 0.272618696508E-02, 0.318497164118E-02, 0.458784676099E-03
850.000000000, -0.162777060001E-14, 0.254707257121E-02, 0.298723974544E-02, 0.440167174224E-03
860.000000000, -0.185732799232E-14, 0.238312590070E-02, 0.281058555930E-02, 0.427459658604E-03
870.000000000, -0.145038534232E-14, 0.223277991766E-02, 0.265232167899E-02, 0.419541761332E-03
880.000000000, -0.141908206155E-14, 0.209465720578E-02, 0.250994207896E-02, 0.415284873175E-03
890.000000000, -0.164863945386E-14, 0.196754393967E-02, 0.238114468555E-02, 0.413600745882E-03
900.000000000, -0.144516812886E-14, 0.185036779402E-02, 0.226384775639E-02, 0.413479962375E-03
Zone T="Au radius 35.0000000000  nm"
300.000000000, 0.162777060001E-14, 0.604872870823E-02, 0.179447482602E-01, 0.118960195520E-01
310.000000000, 0.135647550001E-14, 0.439875147579E-02, 0.148139240225E-01, 0.104151725467E-01
320.000000000, 0.166950830771E-14, 0.371991200798E-02, 0.125909088959E-01, 0.887099688792E-02
330.000000000, 0.173211486925E-14, 0.599549129275E-02, 0.144851203607E-01, 0.848962906792E-02
340.000000000, 0.151299190386E-14, 0.866588259005E-02, 0.179937493212E-01, 0.932786673110E-02
350.000000000, -0.834754153854E-15, 0.104499752679E-01, 0.209261427744E-01, 0.104761675065E-01
360.000000000, -0.798233659622E-15, 0.119242349940E-01, 0.238386655886E-01, 0.119144305946E-01
370.000000000, -0.657368896160E-15, 0.134783851607E-01, 0.273591032738E-01, 0.138807181132E-01
380.000000000, -0.855623007700E-15, 0.153341609207E-01, 0.316974683344E-01, 0.163633074137E-01
390.000000000, -0.897360715393E-15, 0.171702353889E-01, 0.345540191323E-01, 0.173837837434E-01
400.000000000, -0.584327907697E-15, 0.185209998476E-01, 0.361592029997E-01, 0.176382031520E-01
410.000000000, -0.834754153854E-15, 0.194050022783E-01, 0.368640101268E-01, 0.174590078485E-01
420.000000000, -0.782582019238E-15, 0.200368579097E-01, 0.365491027030E-01, 0.165122447932E-01
430.000000000, -0.667803323083E-15, 0.205773947540E-01, 0.361256858922E-01, 0.155482911383E-01
440.000000000, -0.100170498462E-14, 0.211401657894E-01, 0.362787050128E-01, 0.151385392235E-01
450.000000000, -0.500852492312E-15, 0.218384269213E-01, 0.370892693981E-01, 0.152508424768E-01
460.000000000, -0.626065615390E-15, 0.228032377428E-01, 0.383888788301E-01, 0.155856410872E-01
470.000000000, -0.866057434623E-15, 0.241815653431E-01, 0.400533482507E-01, 0.158717829076E-01
480.000000000, -0.490418065389E-15, 0.261168979368E-01, 0.420877707481E-01, 0.159708728114E-01
490.000000000, -0.106431154616E-14, 0.286985289960E-01, 0.445605320322E-01, 0.158620030362E-01
500.000000000, -0.542590200005E-15, 0.318745164361E-01, 0.474566281866E-01, 0.155821117505E-01
510.000000000, 0.333901661541E-15, 0.353660303557E-01, 0.505391959074E-01, 0.151731655517E-01
520.000000000, 0.271295100002E-15, 0.386570404765E-01, 0.532452546779E-01, 0.145882142013E-01
530.000000000, -0.156516403848E-15, 0.411156896702E-01, 0.548976673645E-01, 0.137819776944E-01
540.000000000, -0.626065615390E-16, 0.422241488957E-01, 0.549437500385E-01, 0.127196011428E-01
550.000000000, 0.573893480774E-16, 0.417870258408E-01, 0.532265534139E-01, 0.114395275731E-01
560.000000000, 0.396508223080E-15, 0.399759316377E-01, 0.500213340282E-01, 0.100454023905E-01
570.000000000, 0.229557392310E-15, 0.371983501684E-01, 0.458547450989E-01, 0.865639493046E-02
580.000000000, 0.208688538463E-15, 0.339100734784E-01, 0.412744661365E-01, 0.736439265813E-02
590.000000000, 0.250426246156E-15, 0.304856301244E-01, 0.367065060753E-01, 0.622087595087E-02
600.000000000, 0.667803323083E-15, 0.271749111543E-01, 0.324191861358E-01, 0.524427498144E-02
610.000000000, 0.208688538463E-15, 0.241158763602E-01, 0.285481134892E-01, 0.443223712900E-02
620.000000000, 0.219122965387E-15, 0.213668218515E-01, 0.251379558347E-01, 0.377113398325E-02
630.000000000, 0.187819684617E-15, 0.189372489696E-01, 0.221791047188E-01, 0.324185574921E-02
640.000000000, 0.281729526926E-15, 0.168104226884E-01, 0.196335770859E-01, 0.282315439756E-02
650.000000000, 0.229557392310E-15, 0.149576757448E-01, 0.174513824249E-01, 0.249370668009E-02
660.000000000, -0.167994273463E-14, 0.133465987577E-01, 0.155788621150E-01, 0.223226335729E-02
670.000000000, -0.154429518463E-14, 0.119455064604E-01, 0.139693257121E-01, 0.202381925176E-02
680.000000000, -0.150255747694E-14, 0.107252381860E-01, 0.125772282420E-01, 0.185199005596E-02
690.000000000, -0.142951648847E-14, 0.966005344112E-02, 0.113650404208E-01, 0.170498697963E-02
700.000000000, -0.152342633078E-14, 0.872767527267E-02, 0.103017343553E-01, 0.157405908264E-02
710.000000000, -0.134604107309E-14, 0.790905701804E-02, 0.936227926205E-02, 0.145322224401E-02
720.000000000, -0.162777060001E-14, 0.718802324258E-02, 0.852686593734E-02, 0.133884269476E-02
730.000000000, -0.150255747694E-14, 0.655088157579E-02, 0.778002976443E-02, 0.122914818864E-02
740.000000000, -0.125213123078E-14, 0.598605340087E-02, 0.710978107879E-02, 0.112372767793E-02
750.000000000, -0.137734435386E-14, 0.548374270883E-02, 0.650680789640E-02, 0.102306518757E-02
760.000000000, -0.155472961155E-14, 0.503564951270E-02, 0.596378711813E-02, 0.928137605438E-03
770.000000000, -0.177385257694E-14, 0.463472618618E-02, 0.547481820748E-02, 0.840092021300E-03
780.000000000, -0.131473779232E-14, 0.427497314913E-02, 0.503497894084E-02, 0.760005791705E-03
790.000000000, -0.135647550001E-14, 0.395126836635E-02, 0.463999397066E-02, 0.688725604307E-03
800.000000000, -0.187819684617E-14, 0.365922583946E-02, 0.428600084702E-02, 0.626775007555E-03
810.000000000, -0.166950830771E-14, 0.339507812782E-02, 0.396939674741E-02, 0.574318619591E-03
820.000000000, -0.154429518463E-14, 0.315557900178E-02, 0.368674808277E-02, 0.531169080987E-03
830.000000000, -0.175298372309E-14, 0.293792254059E-02, 0.343474683695E-02, 0.496824296364E-03
840.000000000, -0.152342633078E-14, 0.273967597457E-02, 0.321019937810E-02, 0.470523403526E-03
850.000000000, -0.146603698271E-14, 0.255872361669E-02, 0.301003595228E-02, 0.451312335592E-03
860.000000000, -0.171124601540E-14, 0.239322008860E-02, 0.283133152270E-02, 0.438111434098E-03
870.000000000, -0.185732799232E-14, 0.224155114892E-02, 0.267133062821E-02, 0.429779479283E-03
880.000000000, -0.137734435386E-14, 0.210230076243E-02, 0.252747182595E-02, 0.425171063514E-03
890.000000000, -0.171124601540E-14, 0.197422339838E-02, 0.239740789163E-02, 0.423184493253E-03
900.000000000, -0.184167635194E-14, 0.185622060978E-02, 0.227902028764E-02, 0.422799677857E-03
Zone T="Au radius 40.0000000000  nm"
300.000000000, 0.133560664617E-14, 0.707016508113E-02, 0.194467365360E-01, 0.123765714548E-01
310.000000000, 0.106431154616E-14, 0.565143398905E-02, 0.170373782893E-01, 0.113859443002E-01
320.000000000, 0.158603289232E-14, 0.458575347565E-02, 0.149244763575E-01, 0.103387228818E-01
330.000000000, 0.129386893847E-14, 0.671293019047E-02, 0.170989766127E-01, 0.103860464222E-01
340.000000000, 0.131473779232E-14, 0.936116672066E-02, 0.210700460312E-01, 0.117088793105E-01
350.000000000, -0.688672176929E-15, 0.108326037699E-01, 0.240929293236E-01, 0.132603255538E-01
360.000000000, -0.108518040001E-14, 0.118510355162E-01, 0.267170395327E-01, 0.148660040165E-01
370.000000000, -0.782582019238E-15, 0.127662977860E-01, 0.291929358641E-01, 0.164266380781E-01
380.000000000, -0.897360715393E-15, 0.135881355212E-01, 0.307441875825E-01, 0.171560520614E-01
390.000000000, -0.876491861546E-15, 0.142275441051E-01, 0.313324738821E-01, 0.171049297770E-01
400.000000000, -0.751278738468E-15, 0.146774860294E-01, 0.318561648887E-01, 0.171786788594E-01
410.000000000, -0.751278738468E-15, 0.149753030562E-01, 0.322369706015E-01, 0.172616675453E-01
420.000000000, -0.876491861546E-15, 0.151702566019E-01, 0.322455658357E-01, 0.170753092338E-01
430.000000000, -0.667803323083E-15, 0.153250267291E-01, 0.321069488058E-01, 0.167819220767E-01
440.000000000, -0.751278738468E-15, 0.155221581876E-01, 0.321868692517E-01, 0.166647110641E-01
450.000000000, -0.636500042313E-15, 0.158648484195E-01, 0.326941407671E-01, 0.168292923476E-01
460.000000000, -0.751278738468E-15, 0.164727448722E-01, 0.336577585854E-01, 0.171850137132E-01
470.000000000, -0.490418065389E-15, 0.174764225729E-01, 0.350224906674E-01, 0.175460680945E-01
480.000000000, -0.626065615390E-15, 0.190123091586E-01, 0.367594792939E-01, 0.177471701352E-01
490.000000000, -0.793016446161E-15, 0.212106672369E-01, 0.389473068287E-01, 0.177366395918E-01
500.000000000, -0.918229569239E-15, 0.241554456428E-01, 0.417427781306E-01, 0.175873324878E-01
510.000000000, 0.354770515388E-15, 0.278005481487E-01, 0.452004376281E-01, 0.173998894794E-01
520.000000000, 0.375639369234E-15, 0.318693649531E-01, 0.489992766690E-01, 0.171299117158E-01
530.000000000, 0.213905751925E-15, 0.358107719425E-01, 0.524564478319E-01, 0.166456758894E-01
540.000000000, 0.198254111540E-15, 0.388987846213E-01, 0.546867315448E-01, 0.157879469235E-01
550.000000000, -0.104344269232E-16, 0.404949291865E-01, 0.549973181094E-01, 0.145023889230E-01
560.000000000, -0.834754153854E-16, 0.403328446767E-01, 0.532159183404E-01, 0.128830736637E-01
570.000000000, 0.438245930773E-15, 0.386054937875E-01, 0.497221597644E-01, 0.111166659768E-01
580.000000000, 0.365204942311E-15, 0.358025957238E-01, 0.451915454341E-01, 0.938894971032E-02
590.000000000, 0.292163953849E-15, 0.324630641140E-01, 0.402891214606E-01, 0.782605734659E-02
600.000000000, 0.365204942311E-15, 0.290116586596E-01, 0.354983585147E-01, 0.648669985512E-02
610.000000000, 0.459114784619E-15, 0.257151043667E-01, 0.310960011381E-01, 0.538089677139E-02
620.000000000, 0.213905751925E-15, 0.227081776744E-01, 0.271996214342E-01, 0.449144375976E-02
630.000000000, 0.00000000000, 0.200383214142E-01, 0.238273421059E-01, 0.378902069168E-02
640.000000000, 0.333901661541E-15, 0.177035862980E-01, 0.209444386973E-01, 0.324085239929E-02
650.000000000, -0.313032807695E-16, 0.156780202797E-01, 0.184932141885E-01, 0.281519390871E-02
660.000000000, -0.171124601540E-14, 0.139264784217E-01, 0.164087452955E-01, 0.248226687376E-02
670.000000000, -0.146081976924E-14, 0.124126126283E-01, 0.146331263954E-01, 0.222051376711E-02
680.000000000, -0.184689356540E-14, 0.111023495571E-01, 0.131109760256E-01, 0.200862646852E-02
690.000000000, -0.148168862309E-14, 0.996550321453E-02, 0.117967320362E-01, 0.183122882169E-02
700.000000000, -0.162777060001E-14, 0.897604308383E-02, 0.106530281793E-01, 0.167698509546E-02
710.000000000, -0.133560664617E-14, 0.811186799876E-02, 0.964993004907E-02, 0.153806205031E-02
720.000000000, -0.194080340771E-14, 0.735436737680E-02, 0.876387251191E-02, 0.140950513511E-02
730.000000000, -0.152342633078E-14, 0.668792929036E-02, 0.797652453345E-02, 0.128859524309E-02
740.000000000, -0.158603289232E-14, 0.609947067083E-02, 0.727370715263E-02, 0.117423648180E-02
750.000000000, -0.144516812886E-14, 0.557801900446E-02, 0.664442993338E-02, 0.106641092892E-02
760.000000000, -0.141908206155E-14, 0.511435420699E-02, 0.608007541824E-02, 0.965721211255E-03
770.000000000, -0.162777060001E-14, 0.470070797140E-02, 0.557373796780E-02, 0.873029996402E-03
780.000000000, -0.146081976924E-14, 0.433051477439E-02, 0.511970902238E-02, 0.789194247988E-03
790.000000000, -0.154951239809E-14, 0.399820672859E-02, 0.471309356102E-02, 0.714886832436E-03
800.000000000, -0.150777469040E-14, 0.369904531477E-02, 0.434953750125E-02, 0.650492186479E-03
810.000000000, -0.152342633078E-14, 0.342898327272E-02, 0.402504561055E-02, 0.596062337829E-03
820.000000000, -0.177385257694E-14, 0.318455136927E-02, 0.373586958865E-02, 0.551318219382E-03
830.000000000, -0.175298372309E-14, 0.296276522881E-02, 0.347844799564E-02, 0.515682766828E-03
840.000000000, -0.148168862309E-14, 0.276104868739E-02, 0.324938253304E-02, 0.488333845650E-03
850.000000000, -0.155472961155E-14, 0.257717036829E-02, 0.304543779888E-02, 0.468267430593E-03
860.000000000, -0.156516403848E-14, 0.240919117967E-02, 0.286355449293E-02, 0.454363313262E-03
870.000000000, -0.139821320770E-14, 0.225542066847E-02, 0.270086821286E-02, 0.445447544387E-03
880.000000000, -0.146081976924E-14, 0.211438058271E-02, 0.255472907812E-02, 0.440348495408E-03
890.000000000, -0.225383621540E-14, 0.198477441221E-02, 0.242271802906E-02, 0.437943616852E-03
900.000000000, -0.145038534232E-14, 0.186546178346E-02, 0.230265816147E-02, 0.437196378004E-03
Zone T="Au radius 45.0000000000  nm"
300.000000000, 0.135647550001E-14, 0.843712942804E-02, 0.214470982130E-01, 0.130099687849E-01
310.000000000, 0.116865581539E-14, 0.738482165336E-02, 0.199740177901E-01, 0.125891961367E-01
320.000000000, 0.141908206155E-14, 0.619713489461E-02, 0.184860745850E-01, 0.122889396904E-01
330.000000000, 0.133560664617E-14, 0.787235732076E-02, 0.211882376574E-01, 0.133158803366E-01
340.000000000, 0.167994273463E-14, 0.992973318545E-02, 0.249399874055E-01, 0.150102542201E-01
350.000000000, -0.928663996162E-15, 0.105474027617E-01, 0.262499320381E-01, 0.157025292764E-01
360.000000000, -0.104344269232E-14, 0.107422928251E-01, 0.267114606594E-01, 0.159691678343E-01
370.000000000, -0.876491861546E-15, 0.108952991931E-01, 0.268620888890E-01, 0.159667896959E-01
380.000000000, -0.730409884622E-15, 0.110539243439E-01, 0.268667724132E-01, 0.158128480694E-01
390.000000000, -0.100170498462E-14, 0.111784029445E-01, 0.269955709594E-01, 0.158171680149E-01
400.000000000, -0.459114784619E-15, 0.112264013496E-01, 0.272721027157E-01, 0.160457013661E-01
410.000000000, -0.121039352309E-14, 0.111806065816E-01, 0.274859664258E-01, 0.163053598442E-01
420.000000000, -0.699106603852E-15, 0.110540800518E-01, 0.275101253055E-01, 0.164560452538E-01
430.000000000, -0.104344269232E-14, 0.108874210874E-01, 0.274229916726E-01, 0.165355705852E-01
440.000000000, -0.793016446161E-15, 0.107441016089E-01, 0.274142640766E-01, 0.166701624676E-01
450.000000000, -0.709541030775E-15, 0.107062665241E-01, 0.276600772659E-01, 0.169538107419E-01
460.000000000, -0.970401703855E-15, 0.108718623265E-01, 0.282735257011E-01, 0.174016633746E-01
470.000000000, -0.772147592314E-15, 0.113531035768E-01, 0.293074377254E-01, 0.179543341486E-01
480.000000000, -0.839971367315E-15, 0.122753716349E-01, 0.307715717950E-01, 0.184962001600E-01
490.000000000, -0.667803323083E-15, 0.137741057216E-01, 0.326648224266E-01, 0.188907167050E-01
500.000000000, -0.100170498462E-14, 0.159847116364E-01, 0.350513560029E-01, 0.190666443666E-01
510.000000000, 0.333901661541E-15, 0.190154931566E-01, 0.381332760059E-01, 0.191177828493E-01
520.000000000, 0.417377076927E-16, 0.228866297386E-01, 0.420624716319E-01, 0.191758418933E-01
530.000000000, 0.146081976924E-15, 0.274243032939E-01, 0.466568930517E-01, 0.192325897578E-01
540.000000000, 0.234774605771E-15, 0.321468890485E-01, 0.511980912389E-01, 0.190512021904E-01
550.000000000, 0.125213123078E-15, 0.362594371675E-01, 0.546076128722E-01, 0.183481757047E-01
560.000000000, 0.615631188467E-15, 0.388898312556E-01, 0.558793706177E-01, 0.169895393621E-01
570.000000000, 0.198254111540E-15, 0.395063254242E-01, 0.545841224349E-01, 0.150777970107E-01
580.000000000, 0.354770515388E-15, 0.381825385250E-01, 0.510696034992E-01, 0.128870649742E-01
590.000000000, 0.114778696155E-15, 0.354702892788E-01, 0.461831969729E-01, 0.107129076941E-01
600.000000000, 0.250426246156E-15, 0.320502482806E-01, 0.408106284754E-01, 0.876038019478E-02
610.000000000, 0.271295100002E-15, 0.284681234103E-01, 0.355890258762E-01, 0.712090246590E-02
620.000000000, 0.417377076927E-16, 0.250575275932E-01, 0.308608599095E-01, 0.580333231629E-02
630.000000000, 0.187819684617E-15, 0.219768686236E-01, 0.267502087820E-01, 0.477334015841E-02
640.000000000, 0.208688538463E-16, 0.192740201490E-01, 0.232550459371E-01, 0.398102578812E-02
650.000000000, 0.396508223080E-15, 0.169386398407E-01, 0.203143276984E-01, 0.337568785776E-02
660.000000000, -0.179472143079E-14, 0.149348841563E-01, 0.178458667793E-01, 0.291098262300E-02
670.000000000, -0.170081158848E-14, 0.132192972181E-01, 0.157716628117E-01, 0.255236559359E-02
680.000000000, -0.152342633078E-14, 0.117490915919E-01, 0.140178800137E-01, 0.226878842182E-02
690.000000000, -0.150255747694E-14, 0.104858463419E-01, 0.125236780911E-01, 0.203783174922E-02
700.000000000, -0.136690992694E-14, 0.939649452446E-02, 0.112396346764E-01, 0.184314015195E-02
710.000000000, -0.127821729809E-14, 0.845321245840E-02, 0.101265415648E-01, 0.167332910640E-02
720.000000000, -0.137734435386E-14, 0.763285539244E-02, 0.915378909166E-02, 0.152093369921E-02
730.000000000, -0.158603289232E-14, 0.691626795714E-02, 0.829772036477E-02, 0.138145240762E-02
740.000000000, -0.129386893847E-14, 0.628761641043E-02, 0.754012859010E-02, 0.125251217967E-02
750.000000000, -0.137734435386E-14, 0.573379806045E-02, 0.686696627117E-02, 0.113316821072E-02
760.000000000, -0.133560664617E-14, 0.524394267587E-02, 0.626728236417E-02, 0.102333968830E-02
770.000000000, -0.118952466924E-14, 0.480900110698E-02, 0.573237767784E-02, 0.923376570856E-03
780.000000000, -0.160690174617E-14, 0.442141051845E-02, 0.525515491414E-02, 0.833744395687E-03
790.000000000, -0.154429518463E-14, 0.407482353109E-02, 0.482963589739E-02, 0.754812366302E-03
800.000000000, -0.171124601540E-14, 0.376388980300E-02, 0.445061592683E-02, 0.686726123832E-03
810.000000000, -0.166950830771E-14, 0.348407969595E-02, 0.411342755614E-02, 0.629347860196E-03
820.000000000, -0.163298781348E-14, 0.323154192236E-02, 0.381378851396E-02, 0.582246591597E-03
830.000000000, -0.204514767694E-14, 0.300298811223E-02, 0.354771125905E-02, 0.544723146824E-03
840.000000000, -0.133560664617E-14, 0.279559910701E-02, 0.331145626771E-02, 0.515857160701E-03
850.000000000, -0.145038534232E-14, 0.260694842259E-02, 0.310151409458E-02, 0.494565671995E-03
860.000000000, -0.136690992694E-14, 0.243493961683E-02, 0.291460485769E-02, 0.479665240857E-03
870.000000000, -0.146081976924E-14, 0.227775478949E-02, 0.274768626811E-02, 0.469931478624E-03
880.000000000, -0.152342633078E-14, 0.213381203064E-02, 0.259796479690E-02, 0.464152766249E-03
890.000000000, -0.217036080002E-14, 0.200173018377E-02, 0.246290521429E-02, 0.461175030512E-03
900.000000000, -0.160690174617E-14, 0.188029947870E-02, 0.234023656025E-02, 0.459937081554E-03
