Variables = "theta", "Fx_1", "Fy_1", "Fz_1", "Nx_1", "Ny_1", "Nz_1", "Fx_2", "Fy_2", "Fz_2", "Nx_2", "Ny_2", "Nz_2",
0.00000000000, 0.136391415320E-02, -0.661704316322E-04, 0.775044117738E-01, 0.689133715077E-05, 0.795014706330E-01, 0.158550258345E-04, -0.150408209030E-02, -0.777218831775E-04, 0.775063333221E-01, -0.632696516943E-06, -0.793942421581E-01, -0.138714819877E-03
5.00000000000, 0.662045005218E-02, -0.624216161043E-04, 0.770013670900E-01, 0.700978255006E-05, 0.795869147243E-01, 0.560652789568E-05, -0.143071608161E-02, -0.685803134371E-04, 0.773158899520E-01, -0.192083562401E-05, -0.791961951246E-01, -0.130085170747E-03
10.0000000000, 0.116607454036E-01, -0.518105087196E-04, 0.752887213295E-01, 0.734122371276E-05, 0.785768889046E-01, -0.898765794802E-05, -0.113191628486E-02, -0.624415487251E-04, 0.771462875412E-01, -0.130350768956E-05, -0.790537033534E-01, -0.122487541864E-03
15.0000000000, 0.166047469107E-01, -0.361982476956E-04, 0.730329762018E-01, 0.786223353688E-05, 0.772477951160E-01, -0.238884103261E-04, -0.628840435624E-03, -0.614885346524E-04, 0.769755622028E-01, 0.531708230152E-06, -0.789490389251E-01, -0.118916891974E-03
20.0000000000, 0.216632377611E-01, -0.244397712706E-04, 0.710305038443E-01, 0.885822224079E-05, 0.765578343918E-01, -0.280891442045E-04, 0.173887984635E-04, -0.638905232398E-04, 0.768062481407E-01, 0.234235229821E-05, -0.788590114763E-01, -0.119472437932E-03
25.0000000000, 0.270444815405E-01, -0.216110930810E-04, 0.698942329816E-01, 0.118496062989E-04, 0.772562876008E-01, -0.157412948986E-04, 0.739817285944E-03, -0.681423993623E-04, 0.766427915540E-01, 0.342493906048E-05, -0.787721089724E-01, -0.122876728685E-03
30.0000000000, 0.328192992505E-01, -0.258691942943E-04, 0.698609663329E-01, 0.187015753286E-04, 0.796343998309E-01, 0.821861376353E-05, 0.149500258952E-02, -0.733976387615E-04, 0.764911646889E-01, 0.402863614193E-05, -0.786773258125E-01, -0.128254123903E-03
35.0000000000, 0.388370633217E-01, -0.315036352904E-04, 0.707684525387E-01, 0.301466196498E-04, 0.834383109647E-01, 0.326399598463E-04, 0.225364369651E-02, -0.800941207753E-04, 0.763613376090E-01, 0.455690737246E-05, -0.785774713340E-01, -0.135200452493E-03
40.0000000000, 0.446809484824E-01, -0.332222183169E-04, 0.721892850057E-01, 0.453368151673E-04, 0.879825260124E-01, 0.478679156766E-04, 0.300203709134E-02, -0.880705594221E-04, 0.762636479324E-01, 0.513583070126E-05, -0.784845217625E-01, -0.143104080340E-03
45.0000000000, 0.497170448588E-01, -0.280839896619E-04, 0.736371056595E-01, 0.626059419600E-04, 0.923904341238E-01, 0.493473817778E-04, 0.372763871570E-02, -0.961177112128E-04, 0.762095965015E-01, 0.574421856838E-05, -0.784166981958E-01, -0.150894995447E-03
50.0000000000, 0.532140264418E-01, -0.164480548738E-04, 0.747358844827E-01, 0.801872400465E-04, 0.958418145784E-01, 0.384189391035E-04, 0.441186039614E-02, -0.102772313231E-03, 0.762102598711E-01, 0.636580181018E-05, -0.783917192894E-01, -0.157598207881E-03
55.0000000000, 0.544910650992E-01, -0.156612701956E-05, 0.752962453645E-01, 0.965141354212E-04, 0.977368781005E-01, 0.205346619300E-04, 0.502891571578E-02, -0.107052887848E-03, 0.762724407534E-01, 0.696775546935E-05, -0.784210285709E-01, -0.162608521037E-03
60.0000000000, 0.530519702444E-01, 0.121040445464E-04, 0.753056888621E-01, 0.110151393306E-03, 0.977623412146E-01, 0.208108179215E-05, 0.554867148109E-02, -0.108460672222E-03, 0.763965798381E-01, 0.749659864879E-05, -0.785070540539E-01, -0.165522882579E-03
65.0000000000, 0.486715806051E-01, 0.207673697672E-04, 0.748723613229E-01, 0.119679050149E-03, 0.958829201465E-01, -0.120238137492E-04, 0.594139814179E-02, -0.106807966168E-03, 0.765768288018E-01, 0.791091478695E-05, -0.786430547424E-01, -0.165946391107E-03
70.0000000000, 0.414195437750E-01, 0.223576949968E-04, 0.741616467061E-01, 0.123878201741E-03, 0.922904487989E-01, -0.190793643635E-04, 0.618279472533E-02, -0.102246406046E-03, 0.768029862097E-01, 0.821054913274E-05, -0.788147150250E-01, -0.163547791470E-03
75.0000000000, 0.316294343473E-01, 0.165783370349E-04, 0.733478071395E-01, 0.122189587541E-03, 0.873361979092E-01, -0.181719020129E-04, 0.625814651473E-02, -0.954984433301E-04, 0.770634582305E-01, 0.844531014126E-05, -0.790028980249E-01, -0.158335585630E-03
80.0000000000, 0.198353392295E-01, 0.429771378478E-05, 0.725853067416E-01, 0.115093456391E-03, 0.814626262573E-01, -0.943160414736E-05, 0.616519242412E-02, -0.880250570142E-04, 0.773482479676E-01, 0.870920359906E-05, -0.791875341988E-01, -0.150971683491E-03
85.0000000000, 0.670042117161E-02, -0.131600268197E-04, 0.719944470668E-01, 0.104110676722E-03, 0.751440582141E-01, 0.648017295294E-05, 0.591536324946E-02, -0.818656770070E-04, 0.776511673893E-01, 0.911002585480E-05, -0.793526121573E-01, -0.142897202144E-03
90.0000000000, -0.704512463012E-02, -0.344131301971E-04, 0.716542031030E-01, 0.913827062439E-04, 0.688415131752E-01, 0.285006996958E-04, 0.553290667105E-02, -0.790750968013E-04, 0.779706886104E-01, 0.970412755591E-05, -0.794914129102E-01, -0.136086689548E-03
95.0000000000, -0.206504618420E-01, -0.579467106272E-04, 0.715980277900E-01, 0.790026133782E-04, 0.629729810415E-01, 0.549771885591E-04, 0.505167541741E-02, -0.809268086038E-04, 0.783091111909E-01, 0.104218721942E-04, -0.796100964302E-01, -0.132405118225E-03
100.000000000, -0.333785757987E-01, -0.817041539107E-04, 0.718116330283E-01, 0.683493072825E-04, 0.578956756312E-01, 0.833634164332E-04, 0.451027265604E-02, -0.872476325844E-04, 0.786700676814E-01, 0.110503049698E-04, -0.797274472182E-01, -0.132798773207E-03
105.000000000, -0.445381978581E-01, -0.102733171995E-03, 0.722333196464E-01, 0.596633735142E-04, 0.538927958154E-01, 0.110119158288E-03, 0.394720909757E-02, -0.962856915666E-04, 0.790546415104E-01, 0.113309550543E-04, -0.798695684519E-01, -0.136763897444E-03
110.000000000, -0.535227215534E-01, -0.117331907062E-03, 0.727576582693E-01, 0.520434862401E-04, 0.511570709595E-01, 0.131117693128E-03, 0.339760059844E-02, -0.105294550468E-03, 0.794564806990E-01, 0.111432451113E-04, -0.800603281368E-01, -0.142494459948E-03
115.000000000, -0.598604902663E-01, -0.121925240113E-03, 0.732435865547E-01, 0.439312503216E-04, 0.497685178060E-01, 0.142631465002E-03, 0.289139075581E-02, -0.111576783327E-03, 0.798567333257E-01, 0.106306025573E-04, -0.803104755857E-01, -0.147721881194E-03
120.000000000, -0.632720459906E-01, -0.114470014331E-03, 0.735293648105E-01, 0.339675436401E-04, 0.496730535129E-01, 0.142579022219E-03, 0.245143479083E-02, -0.113358058697E-03, 0.802209073583E-01, 0.101162248214E-04, -0.806095594704E-01, -0.150733728535E-03
125.000000000, -0.637205670419E-01, -0.957587642915E-04, 0.734589287868E-01, 0.218828557410E-04, 0.506774970413E-01, 0.131424420243E-03, 0.208993097517E-02, -0.109963376965E-03, 0.805011512821E-01, 0.982566319422E-05, -0.809244958675E-01, -0.150854131615E-03
130.000000000, -0.614358288067E-01, -0.698436307479E-04, 0.729241968066E-01, 0.895662195900E-05, 0.524788190040E-01, 0.112179413274E-03, 0.180393297807E-02, -0.101418603111E-03, 0.806467525340E-01, 0.965693224967E-05, -0.812066341632E-01, -0.148109774834E-03
135.000000000, -0.568934256114E-01, -0.431061083479E-04, 0.719215121133E-01, -0.231012192787E-05, 0.547357981311E-01, 0.894051069157E-04, 0.157297417578E-02, -0.882350243851E-04, 0.806212311960E-01, 0.925415951386E-05, -0.814056285144E-01, -0.142625810321E-03
140.000000000, -0.507412691587E-01, -0.222081082386E-04, 0.706058148913E-01, -0.928371869771E-05, 0.571691010664E-01, 0.676625901194E-04, 0.136171368694E-02, -0.719117587998E-04, 0.804183402830E-01, 0.835477816895E-05, -0.814847368501E-01, -0.134647245320E-03
145.000000000, -0.436822485168E-01, -0.118247207020E-04, 0.693092862000E-01, -0.104939124710E-04, 0.596505648910E-01, 0.501346511000E-04, 0.112783135224E-02, -0.554767033503E-04, 0.800676666394E-01, 0.700839828494E-05, -0.814310654589E-01, -0.125256389962E-03
150.000000000, -0.363413302799E-01, -0.129024905879E-04, 0.684861729076E-01, -0.647469527608E-05, 0.622301053263E-01, 0.381034500687E-04, 0.833038276382E-03, -0.426391027568E-04, 0.796259410616E-01, 0.540185226373E-05, -0.812564760467E-01, -0.116659573772E-03
155.000000000, -0.291596120101E-01, -0.220705012609E-04, 0.685678834943E-01, 0.137907137383E-06, 0.650655652547E-01, 0.311500086347E-04, 0.454558335484E-03, -0.360567739184E-04, 0.791572309751E-01, 0.386607763871E-05, -0.809894939429E-01, -0.111461980239E-03
160.000000000, -0.223559330424E-01, -0.323645104836E-04, 0.697661471757E-01, 0.601676429593E-05, 0.682750891306E-01, 0.265974114922E-04, -0.323569514098E-05, -0.369879696513E-04, 0.787124264014E-01, 0.310461657704E-05, -0.806651769157E-01, -0.111737973340E-03
165.000000000, -0.159513596575E-01, -0.338045742500E-04, 0.719124878594E-01, 0.101849757943E-04, 0.717746292017E-01, 0.195754838543E-04, -0.507081136652E-03, -0.452645828083E-04, 0.783238445624E-01, 0.320916205107E-05, -0.803194185250E-01, -0.119203525568E-03
170.000000000, -0.988223130759E-02, -0.208743706971E-04, 0.744402880118E-01, 0.138735872833E-04, 0.751851016352E-01, 0.547918629235E-05, -0.978832715973E-03, -0.595318032727E-04, 0.779951210444E-01, 0.353622614672E-05, -0.799805111286E-01, -0.132874344672E-03
175.000000000, -0.408014257068E-02, 0.944541548202E-06, 0.765467107227E-01, 0.181892449788E-04, 0.779319726506E-01, -0.138824819421E-04, -0.133597456202E-02, -0.756848895824E-04, 0.777267280238E-01, 0.344252475446E-05, -0.796736990458E-01, -0.148206628825E-03
180.000000000, 0.148920765647E-02, 0.196854844098E-04, 0.775366102799E-01, 0.221912861208E-04, 0.794836120049E-01, -0.286200376189E-04, -0.150970760835E-02, -0.883150268323E-04, 0.774920075447E-01, 0.306762717611E-05, -0.794175135176E-01, -0.159463137334E-03
185.000000000, 0.677871610490E-02, 0.280957091889E-04, 0.770942581727E-01, 0.238824055177E-04, 0.796380764829E-01, -0.313316495709E-04, -0.142910617648E-02, -0.961088254168E-04, 0.772832177634E-01, 0.358084870492E-05, -0.792168092647E-01, -0.164773655343E-03
190.000000000, 0.118393758149E-01, 0.288169239975E-04, 0.754449498216E-01, 0.230802064204E-04, 0.787096042589E-01, -0.265274258619E-04, -0.111915655398E-02, -0.100913974317E-03, 0.770985447421E-01, 0.541610945099E-05, -0.790711431067E-01, -0.166438055754E-03
195.000000000, 0.167901425986E-01, 0.292973213868E-04, 0.732563114024E-01, 0.211327869606E-04, 0.774725071751E-01, -0.249557841937E-04, -0.610035580615E-03, -0.105324013740E-03, 0.769260600219E-01, 0.764308390963E-05, -0.789671881208E-01, -0.167960850855E-03
200.000000000, 0.218555476664E-01, 0.302326613206E-04, 0.713335636071E-01, 0.191727295874E-04, 0.768878377208E-01, -0.294647193754E-04, 0.360986689065E-04, -0.107548193910E-03, 0.767637589191E-01, 0.867123369790E-05, -0.788780031054E-01, -0.169615196350E-03
205.000000000, 0.272611923341E-01, 0.298859955223E-04, 0.702915093012E-01, 0.178154842169E-04, 0.777056917896E-01, -0.370054604088E-04, 0.752949815974E-03, -0.105477940129E-03, 0.766074511486E-01, 0.784135598171E-05, -0.787869919350E-01, -0.169303537256E-03
210.000000000, 0.330822916422E-01, 0.274509967614E-04, 0.703472315832E-01, 0.167924951861E-04, 0.801971834752E-01, -0.439471420724E-04, 0.150222144712E-02, -0.980635043790E-04, 0.764612469714E-01, 0.614704073852E-05, -0.786863195699E-01, -0.165453544993E-03
215.000000000, 0.391537374305E-01, 0.219371114652E-04, 0.713094027683E-01, 0.154707420722E-04, 0.840760754809E-01, -0.470477316408E-04, 0.225894223996E-02, -0.874796113326E-04, 0.763356100413E-01, 0.458352460518E-05, -0.785838397780E-01, -0.158563056130E-03
220.000000000, 0.450343953048E-01, 0.977828978299E-05, 0.727356936814E-01, 0.129855370427E-04, 0.886373186148E-01, -0.398217421268E-04, 0.300868642685E-02, -0.769130440056E-04, 0.762424848849E-01, 0.353197249117E-05, -0.784947013456E-01, -0.150478774906E-03
225.000000000, 0.500714935905E-01, -0.121943964805E-04, 0.741479473662E-01, 0.882608865891E-05, 0.930092075629E-01, -0.166123879834E-04, 0.373591456029E-02, -0.682177929969E-04, 0.761946305597E-01, 0.294351736966E-05, -0.784362590936E-01, -0.142753709409E-03
230.000000000, 0.535291347228E-01, -0.433666642006E-04, 0.751953132029E-01, 0.311095525962E-05, 0.963961004162E-01, 0.224065872828E-04, 0.442005830103E-02, -0.618875905533E-04, 0.762028465846E-01, 0.268329764795E-05, -0.784228888845E-01, -0.136139749863E-03
235.000000000, 0.547371283064E-01, -0.788097364595E-04, 0.757195099120E-01, -0.371293750941E-05, 0.982335445740E-01, 0.708826167770E-04, 0.503429433106E-02, -0.580184726625E-04, 0.762731088836E-01, 0.268275326176E-05, -0.784623259597E-01, -0.130849223017E-03
240.000000000, 0.532191303735E-01, -0.110977374653E-03, 0.757317031023E-01, -0.111223926050E-04, 0.982395150846E-01, 0.118768695405E-03, 0.554811890403E-02, -0.567444434329E-04, 0.764055444051E-01, 0.299607826597E-05, -0.785542557657E-01, -0.126940455690E-03
245.000000000, 0.487692587894E-01, -0.132698140112E-03, 0.753469899087E-01, -0.185445413986E-04, 0.963923986469E-01, 0.156152754116E-03, 0.593268845351E-02, -0.582313686405E-04, 0.765943914291E-01, 0.375754793255E-05, -0.786906032621E-01, -0.124545790677E-03
250.000000000, 0.414686148013E-01, -0.139746621058E-03, 0.747204363921E-01, -0.253940738786E-04, 0.928767135590E-01, 0.176641565865E-03, 0.616602530766E-02, -0.624046308940E-04, 0.768293130355E-01, 0.509668351899E-05, -0.788571081892E-01, -0.123876212522E-03
255.000000000, 0.316527102730E-01, -0.131700652963E-03, 0.740049707593E-01, -0.311706861651E-04, 0.880217320703E-01, 0.178690269124E-03, 0.623641745669E-02, -0.686769020625E-04, 0.770979545760E-01, 0.703818106744E-05, -0.790359083215E-01, -0.125048373108E-03
260.000000000, 0.198504119950E-01, -0.111117050024E-03, 0.733311290347E-01, -0.355833622345E-04, 0.822433715223E-01, 0.164732333023E-03, 0.614382547681E-02, -0.759018273273E-04, 0.773890292620E-01, 0.940918656220E-05, -0.792091319478E-01, -0.127846188535E-03
265.000000000, 0.671594876732E-02, -0.819781521758E-04, 0.727996643613E-01, -0.386639162455E-04, 0.759934654254E-01, 0.139218199349E-03, 0.589968357446E-02, -0.825852951536E-04, 0.776950967981E-01, 0.117958407501E-04, -0.793634433506E-01, -0.131580844326E-03
270.000000000, -0.703037596986E-02, -0.484328580240E-04, 0.724785027709E-01, -0.407974920115E-04, 0.697193360293E-01, 0.106897349078E-03, 0.552550221977E-02, -0.872578012444E-04, 0.780141364488E-01, 0.135923627583E-04, -0.794947191992E-01, -0.135183649222E-03
275.000000000, -0.206466057656E-01, -0.143181916379E-04, 0.723999972432E-01, -0.425869828784E-04, 0.638352889529E-01, 0.720383995620E-04, 0.505061124208E-02, -0.888779912164E-04, 0.783490456091E-01, 0.141550331101E-04, -0.796109910163E-01, -0.137535826811E-03
280.000000000, -0.334018331306E-01, 0.167021976498E-04, 0.725580870657E-01, -0.445513391017E-04, 0.587038393673E-01, 0.384351912744E-04, 0.450947253900E-02, -0.871479513928E-04, 0.787046290637E-01, 0.130232625344E-04, -0.797314565217E-01, -0.137890480863E-03
285.000000000, -0.446064124710E-01, 0.409261466585E-04, 0.729062378826E-01, -0.467965959859E-04, 0.546202199345E-01, 0.958017608212E-05, 0.393907536676E-02, -0.826483999518E-04, 0.790825296509E-01, 0.101274340869E-04, -0.798805361198E-01, -0.136177837698E-03
290.000000000, -0.536497560097E-01, 0.548486685944E-04, 0.733570633684E-01, -0.488725956468E-04, 0.517929671033E-01, -0.115221589029E-04, 0.337657952470E-02, -0.767492241245E-04, 0.794755212259E-01, 0.589455209173E-05, -0.800783745818E-01, -0.133045120843E-03
295.000000000, -0.600508475214E-01, 0.560033258864E-04, 0.737852072974E-01, -0.499453315547E-04, 0.503183101933E-01, -0.229744917091E-04, 0.285655736918E-02, -0.713117357592E-04, 0.798631781812E-01, 0.119491947033E-05, -0.803313896208E-01, -0.129622405662E-03
300.000000000, -0.635174069530E-01, 0.440643224508E-04, 0.740373381128E-01, -0.492055325038E-04, 0.501553461024E-01, -0.246530000146E-04, 0.240674599735E-02, -0.682463273875E-04, 0.802109791496E-01, -0.287238707127E-05, -0.806268138991E-01, -0.127133449610E-03
305.000000000, -0.639996277169E-01, 0.215214789392E-04, 0.739558020737E-01, -0.462544511344E-04, 0.511179682346E-01, -0.183900698238E-04, 0.204221879502E-02, -0.690055701856E-04, 0.804744192419E-01, -0.530387413943E-05, -0.809333782445E-01, -0.126511414706E-03
310.000000000, -0.617180053610E-01, -0.667195153187E-05, 0.734219695733E-01, -0.412217638524E-04, 0.529018958182E-01, -0.741013617731E-05, 0.176003567984E-02, -0.740993692142E-04, 0.806084913887E-01, -0.552904828951E-05, -0.812077092107E-01, -0.128129004782E-03
315.000000000, -0.571459018734E-01, -0.345347098031E-04, 0.724172165718E-01, -0.345850091336E-04, 0.551557038051E-01, 0.476142699741E-05, 0.153766655672E-02, -0.827653180377E-04, 0.805807329871E-01, -0.363143756632E-05, -0.814043067928E-01, -0.131683815618E-03
320.000000000, -0.509378210696E-01, -0.569547387485E-04, 0.710829941227E-01, -0.268882959341E-04, 0.575833548987E-01, 0.153559335468E-04, 0.133713047500E-02, -0.930274592789E-04, 0.803836973003E-01, -0.324383644428E-06, -0.814865909539E-01, -0.136296030830E-03
325.000000000, -0.438119625831E-01, -0.711594525006E-04, 0.697438050400E-01, -0.185836243648E-04, 0.600401301664E-01, 0.228662450945E-04, 0.111380348394E-02, -0.102321188743E-03, 0.800419002327E-01, 0.333722229082E-05, -0.814367371986E-01, -0.140905259952E-03
330.000000000, -0.364150745950E-01, -0.771913428215E-04, 0.688538700208E-01, -0.101012861922E-04, 0.625691726929E-01, 0.269418187939E-04, 0.827689382251E-03, -0.108395853009E-03, 0.796082839746E-01, 0.631002218555E-05, -0.812611914463E-01, -0.144745663887E-03
335.000000000, -0.292062885382E-01, -0.773657173824E-04, 0.688531294784E-01, -0.217901271930E-05, 0.653378815392E-01, 0.282230340295E-04, 0.454997645596E-03, -0.109819060444E-03, 0.791473673989E-01, 0.785679385853E-05, -0.809881779021E-01, -0.147448978664E-03
340.000000000, -0.224047891536E-01, -0.749403549264E-04, 0.699675993238E-01, 0.393014858036E-05, 0.684818646321E-01, 0.280660067252E-04, 0.218596406504E-06, -0.106676258146E-03, 0.787107421814E-01, 0.783798996980E-05, -0.806568711690E-01, -0.148819767548E-03
345.000000000, -0.160151583760E-01, -0.718362016764E-04, 0.720407603823E-01, 0.716717451659E-05, 0.719259708612E-01, 0.278069606309E-04, -0.501950775665E-03, -0.100700486345E-03, 0.783270325420E-01, 0.657291601643E-05, -0.803049337182E-01, -0.149051638218E-03
350.000000000, -0.996010343186E-02, -0.688963096104E-04, 0.745109453384E-01, 0.766657039754E-05, 0.752917408393E-01, 0.267255480397E-04, -0.971579346998E-03, -0.940961467028E-04, 0.779971181826E-01, 0.448046649534E-05, -0.799607412852E-01, -0.148035004818E-03
355.000000000, -0.417584344874E-02, -0.668891374385E-04, 0.765684013402E-01, 0.713284438774E-05, 0.779998798340E-01, 0.226712478765E-04, -0.132662470698E-02, -0.869803841218E-04, 0.777291587952E-01, 0.190098838896E-05, -0.796503540065E-01, -0.145085096045E-03
360.000000000, 0.136391415320E-02, -0.661704316322E-04, 0.775044117738E-01, 0.689133715069E-05, 0.795014706330E-01, 0.158550258346E-04, -0.150408209030E-02, -0.777218831775E-04, 0.775063333221E-01, -0.632696517001E-06, -0.793942421581E-01, -0.138714819877E-03
